# x, y    : 195, 156
# lat, lon: -37.84145, -71.14447
# ref     : 315:316/259:260
# refgeo  : -70.98247/-70.98247/-37.98050/-37.98050
# deramp, filtwidth_km, filtwidth_yr : [], 2.0, 0.066
# hgt_linear_flag : 0
# gap     : 
# linear model: -7.079*t+29.863
20180105    0.00
20180117  -10.35
20180129   -5.67
20180210  -11.63
20180222   -6.00
20180306   -9.40
20180318    0.99
20180330    5.16
20180411   -4.63
20180423   -9.85
20180505   -8.08
20180517   -4.87
20180529   13.84
20180622    8.87
20180704   35.96
20180728   12.29
20180809    2.57
20180821    8.70
20180902    5.98
20180914   -0.08
20180926   -6.47
20181008  -10.42
20181101   -2.24
20181113    6.76
20181207    4.85
20181219   11.69
20181225    8.85
20181231   10.05
20190106   15.24
20190112   14.11
20190118    9.21
20190124   10.12
20190130   13.22
20190205   12.79
20190211   10.95
20190217    9.44
20190223   11.08
20190301   18.05
20190307    9.73
20190313   13.60
20190319   11.83
20190325    8.05
20190331   11.70
20190406    8.73
20190412   13.39
20190424    5.77
20190430   11.92
20190506    9.74
20190512   17.39
20190518   13.00
20190524   14.67
20190530   19.05
20190605   11.11
20190611   13.37
20190617   13.13
20190623   22.96
20190629   17.62
20190705   19.79
20190711   30.27
20190717   26.33
20190723   37.37
20190729   40.39
20190804   24.56
20190810   36.59
20190816   50.43
20190822   43.41
20190828   45.30
20190903   40.17
20190909   36.53
20190915   36.17
20190921   33.46
20190927    6.48
20191003   16.82
20191009   16.84
20191015   14.74
20191021   19.59
20191027   20.02
20191108   25.25
20191114   22.29
20191120   22.49
20191126   31.53
20191202   28.30
20191208   30.24
20191214   32.00
20191220   30.38
20191226   35.11
20200101   34.13
20200107   34.77
20200113   26.44
20200119   32.78
20200125   32.98
20200131   35.67
20200206   33.20
20200212   29.24
20200218   32.77
20200224   40.25
20200301   32.68
20200307   22.59
20200313   33.83
20200319   31.11
20200325   29.69
20200331   23.58
20200406   31.92
20200412   29.45
20200418   29.76
20200424   33.43
20200430   35.64
20200506   28.44
20200512   31.43
20200518   32.86
20200524   32.35
20200530   28.80
20200605   31.38
20200611   29.32
20200617   41.57
20200623   20.01
20200705   37.90
20200711   45.79
20200717   42.96
20200723   46.50
20200729   26.47
20200804   37.56
20200810   18.87
20200816   23.80
20200822   19.58
20200828   19.05
20200903   23.88
20200915   19.56
20200921   22.91
20200927   22.08
20201003   14.12
20201009   19.14
20201015   20.56
20201021   22.06
20201027   22.95
20201102   27.37
20201108   23.16
20201120   27.32
20201126   30.18
20201202   31.18
20201208   26.80
20201214   32.91
20201220   26.74
20201226   23.55
20210101   25.19
20210107   27.16
20210113   27.36
20210119   24.75
20210125   22.38
20210131   21.60
20210206   25.58
20210212   21.80
20210218   19.20
20210224   20.89
20210302   20.76
20210308   19.67
20210314   22.34
20210320   15.96
20210326   21.31
20210401   13.09
20210407   18.94
20210413   18.76
20210419   24.43
20210425   20.34
20210501   20.36
20210507   18.77
20210513   15.97
20210525   18.37
20210531   17.35
20210606   15.53
20210612   15.75
20210618   13.94
20210624   12.02
20210712    8.77
20210718   14.99
20210724   11.67
20210730   15.52
20210805   14.68
20210811   13.73
20210817   14.34
20210823   16.85
20210829   11.25
20210904   -2.89
20210910    1.31
20210916    5.97
20210922   -1.23
20210928   -3.01
20211004   -0.49
20211010   -0.85
20211016    1.07
20211022   -0.99
20211028    1.52
20211109   -1.05
20211115    1.57
20211121    0.24
20211127   -3.65
20211203    0.10
20211209   -4.76
20211215    0.31
20211221   -1.97
20220102   -0.44
20220114   -3.13
20220126   -3.84
20220207   -4.37
20220219   -8.39
20220315  -10.56
20220327  -14.07
20220408  -14.13
20220420   -7.33
20220502  -14.51
20220514  -17.55
20220526  -17.58
20220607  -28.27
20220619  -20.75
20220701  -28.60
20220713  -27.44
20220725  -25.61
20220806  -26.94
20220818  -37.56
20220830  -38.09
20220911  -36.88
20220923  -37.35
20221005  -41.62
20221017  -36.99
20221029  -31.34
20221110  -41.11
20221122  -37.37
20221204  -38.05
20221216  -35.10
20221228  -31.68
20230109  -29.42
20230121  -33.16
20230214  -43.01
20230226  -43.87
